>> A = [10,7,1,2;12,14,18,7;18,16,1,16;13,12,10,4]
A =

   10    7    1    2
   12   14   18    7
   18   16    1   16
   13   12   10    4

>> B = [3,14,10,17;17,12,5,9;0,3,11,8;6,19,18,6]
B =

    3   14   10   17
   17   12    5    9
    0    3   11    8
    6   19   18    6

>> C = A * B
C =

   161   265   182   253
   316   523   514   516
   422   751   559   554
   267   432   372   433